charuco:
  columns: 5
  rows: 7
  square_length: 0.25  # 250 мм
  marker_length: 0.1875  # 75% от квадрата
  dictionary: DICT_4X4_100
camera_matrix:
  - [1550.4512220431934, 0.0, 1278.5891996327034]
  - [0.0, 1559.2326435388582, 638.7425447280928]
  - [0.0, 0.0, 1.0]

dist_coeff:
  - -0.4280952188571572
  - 0.23469132559259473
  - 0.0013190742574029348
  - -0.0005308679607543075
  - -0.06823460096817144

robot_id: 2
